# Created by Octave 4.4.1, Tue Oct 23 21:34:18 2018 GMT <unknown@MOHAMEDNAGY-PC>
# name: theta
# type: matrix
# rows: 10
# columns: 401
 -0.48505999999999999 0 0 1.0000000000000001e-05 -6.0000000000000002e-05 -6.9999999999999994e-05 -0.00017000000000000001 0.00014999999999999999 0.00175 -0.00012 2.0000000000000002e-05 1.0000000000000001e-05 2.0000000000000002e-05 3.0000000000000001e-05 6.9999999999999994e-05 0.00013999999999999999 9.0000000000000006e-05 1.0000000000000001e-05 -0 -0 0 -0 0 -9.0000000000000006e-05 0.00069999999999999999 0.00084000000000000003 -0.00012999999999999999 -0.00035 0.00072000000000000005 -0.0020600000000000002 -0.00214 -0.00025999999999999998 0.00016000000000000001 8.0000000000000007e-05 -6.9999999999999994e-05 -0.00073999999999999999 -0.00034000000000000002 0.00023000000000000001 0.00021000000000000001 9.0000000000000006e-05 4.0000000000000003e-05 0 -2.0000000000000002e-05 2.0000000000000002e-05 0.00149 0.00173 -0.0043600000000000002 -0.0061199999999999996 -0.0094599999999999997 -0.01056 -0.00628 -0.0037000000000000002 -0.002 -0.0028 -0.00613 -0.01061 -0.0076499999999999997 -0.0048599999999999997 -0.00032000000000000003 -0.00027999999999999998 -0.00027 0 0 0.00066 -0.0057499999999999999 -0.023640000000000001 -0.055019999999999999 -0.073010000000000005 -0.045449999999999997 -0.039879999999999999 -0.024410000000000001 -0.01883 -0.033140000000000003 -0.045769999999999998 -0.085730000000000001 -0.078759999999999997 -0.063960000000000003 -0.025819999999999999 -0.022179999999999998 -0.00779 -0.0024199999999999998 0 0.00029999999999999997 -0.0024299999999999999 -0.016709999999999999 -0.054820000000000001 -0.17624000000000001 -0.17468 -0.066239999999999993 -0.02418 -0.017139999999999999 -0.070660000000000001 -0.10841000000000001 -0.18590999999999999 -0.34403 -0.32462999999999997 -0.086929999999999993 0.0292 -0.035319999999999997 -0.027629999999999998 -0.00464 -2.0000000000000002e-05 6.9999999999999994e-05 -0.012489999999999999 -0.0083899999999999999 -0.11809 -0.23061000000000001 -0.24895 -0.14444000000000001 -0.042680000000000003 -0.00464 -2.0000000000000002e-05 6.9999999999999994e-05 -0.012489999999999999 -0.0083899999999999999 -0.11809 -0.23061000000000001 -0.24895 -0.14444000000000001 -0.042680000000000003 -0.00464 -2.0000000000000002e-05 6.9999999999999994e-05 -0.012489999999999999 -0.0083899999999999999 -0.11809 -0.23061000000000001 -0.24895 -0.14444000000000001 -0.042680000000000003 -0.34110000000000001 -0.39681 -0.40273999999999999 -0.42281000000000002 -0.44067000000000001 -0.37165999999999999 -0.088800000000000004 0.088609999999999994 -0.189 -0.13816999999999999 -0.0092599999999999991 -1.0000000000000001e-05 0.00364 -0.1075 -0.30635000000000001 -0.46794999999999998 -0.59309000000000001 -0.52346000000000004 -0.42071999999999998 -0.44732 -0.73179000000000005 -0.76497000000000004 -0.65120999999999996 -0.46362999999999999 -0.126 0.044519999999999997 -0.027490000000000001 -0.1459 -0.27631 -0.20465 -0.0097699999999999992 0.00063000000000000003 -0.0058999999999999999 -0.098379999999999995 -0.20907000000000001 -0.43874999999999997 -0.58491000000000004 -0.49807000000000001 -0.40886 -0.56386000000000003 -0.81188000000000005 -0.71279999999999999 -0.43702999999999997 -0.13507 0.067580000000000001 0.022749999999999999 -0.29042000000000001 -0.48182999999999998 -0.45190999999999998 -0.23519999999999999 -0.02904 0.0012600000000000001 -0.01584 -0.06676 -0.040419999999999998 -0.22553000000000001 -0.31076999999999999 -0.16719000000000001 0.059330000000000001 0.19125 0.35354999999999998 0.45056000000000002 0.49635000000000001 0.54703000000000002 0.34911999999999999 -0.10042 -0.45247999999999999 -0.44391999999999998 -0.41822999999999999 -0.20727999999999999 -0.017979999999999999 0.0011000000000000001 -0.015509999999999999 -0.021219999999999999 -0.00081999999999999998 -0.30623 -0.25184000000000001 0.18464 0.74514000000000002 1.17378 1.22129 0.86773 0.67662999999999995 0.44490000000000002 0.23552999999999999 -0.01353 -0.14227000000000001 -0.068419999999999995 -0.30225999999999997 -0.17030999999999999 -0.013299999999999999 0.00089999999999999998 -0.02266 -0.032989999999999998 0.0361 -0.43858999999999998 -0.59394999999999998 -0.11344 0.42864999999999998 0.53310999999999997 0.31558000000000003 -0.0076800000000000002 -0.24179 -0.46234999999999998 -0.33767000000000003 -0.19789999999999999 -0.0051200000000000004 0.20462 -0.13927 -0.13012000000000001 -0.017590000000000001 0.0022300000000000002 -0.02878 -0.13395000000000001 -0.033059999999999999 -0.22305 -0.43536999999999998 -0.21128 -0.10373 -0.15021999999999999 -0.34366000000000002 -0.49870999999999999 -0.55145999999999995 -0.58603000000000005 -0.50610999999999995 -0.43486999999999998 -0.20913999999999999 0.10808 -0.0038400000000000001 -0.0516 -0.0096200000000000001 0.0021800000000000001 -0.0276 -0.12224 0.15581 0.25650000000000001 0.11779000000000001 -0.16478999999999999 -0.36534 -0.41066999999999998 -0.49209999999999998 -0.48204999999999998 -0.48688999999999999 -0.40412999999999999 -0.29754999999999998 -0.30076000000000003 -0.29300999999999999 -0.023460000000000002 0.025520000000000001 -0.0161 -0.0017899999999999999 0.00080999999999999996 -0.013559999999999999 -0.044769999999999997 0.18847 0.22836000000000001 -0.11239 -0.51671 -0.55749000000000004 -0.44540999999999997 -0.34087000000000001 -0.28366999999999998 -0.30564999999999998 -0.28567999999999999 -0.18467 -0.31957999999999998 -0.26432 -0.022610000000000002 -0.018440000000000002 -0.0089200000000000008 -0.00056999999999999998 1.0000000000000001e-05 -0.0043099999999999996 0.0085699999999999995 0.10249999999999999 -0.028410000000000001 -0.30375000000000002 -0.53271999999999997 -0.37539 -0.20032 -0.16131999999999999 -0.15745999999999999 -0.17180999999999999 -0.20277999999999999 -0.21242 -0.21765999999999999 -0.13866000000000001 -0.036810000000000002 -0.03014 -0.00349 -0.0010499999999999999 -1.0000000000000001e-05 -0.0015200000000000001 0.0091299999999999992 0.039260000000000003 -0.11862 -0.34414 -0.37636999999999998 -0.18955 -0.088980000000000004 -0.089260000000000006 -0.087309999999999999 -0.098129999999999995 -0.13796 -0.11237 -0.10113 -0.057700000000000001 -0.022780000000000002 -0.0086199999999999992 -0.0049800000000000001 -0.00024000000000000001 1.0000000000000001e-05 -0.00017000000000000001 0.00266 -0.0081600000000000006 -0.11788 -0.23784 -0.21546000000000001 -0.07349 -0.035979999999999998 -0.048180000000000001 -0.030509999999999999 -0.040219999999999999 -0.081309999999999993 -0.049840000000000002 0.00346 0.03526 0.011650000000000001 -0.0027799999999999999 -0.0021900000000000001 0.00017000000000000001 -0 0.0001 0.00056999999999999998 -0.01384 -0.041739999999999999 -0.067879999999999996 -0.064490000000000006 -0.0058300000000000001 -0.00346 -0.00975 0.0066899999999999998 -0.0048799999999999998 -0.027269999999999999 -0.013650000000000001 0.0038300000000000001 0.032030000000000003 0.0084700000000000001 -0.00088999999999999995 0.00014999999999999999 -0 0 -1.0000000000000001e-05 0.00020000000000000001 -0.00079000000000000001 -0.0061799999999999997 -0.0065599999999999999 0.00016000000000000001 -0.0018600000000000001 -0.0017099999999999999 0.00012999999999999999 0.0012099999999999999 0.00033 -0.00173 0.011599999999999999 0.00050000000000000001 -0.0022599999999999999 -0.00077999999999999999 9.0000000000000006e-05 0 0
